receptor = receptor.pdbqt

center_x = 178.470886
center_y = 177.052432
center_z = 171.730136

size_x = 30
size_y = 30
size_z = 30

num_modes = 10
exhaustiveness = 32
