receptor = receptor.pdbqt

center_x = 90.675154
center_y = 96.887403
center_z = 106.547025

size_x = 40
size_y = 40
size_z = 40

num_modes = 10
exhaustiveness = 32
