receptor = receptor.pdbqt

center_x = -28.669631
center_y = 10.634467
center_z = 49.529640

size_x = 40
size_y = 40
size_z = 40

cpu = 3
num_modes = 10
exhaustiveness = 32
